1
7000 1
566.6
174.8
487.5
137.4
602.9
252.3
270.3
250.7
239.5
474.9
210.2
359.1
697.9
381.0
175.7
247.0
368.5
297.8
336.0
659.6
334.4
433.0
669.7
105.6
160.4
297.1
309.6
612.5
615.9
170.5
470.6
317.7
35.5
483.0
593.5
698.6
633.5
56.5
517.0
292.0
408.0
53.8
88.5
369.5
91.7
114.4
26.6
556.7
449.8
63.4
117.1
299.0
511.6
209.2
423.8
148.5
394.8
615.7
579.1
318.5
223.0
213.0
685.8
58.2
210.7
69.6
354.1
145.2
302.9
661.9
284.0
140.4
313.2
439.0
347.7
324.5
668.3
228.6
492.7
353.2
519.1
368.4
231.4
522.2
36.9
26.2
683.2
502.1
671.6
308.1
542.0
29.6
261.7
285.2
44.6
272.0
13.8
366.9
689.7
432.4
288.1
134.7
243.2
516.5
209.1
686.4
201.5
648.8
12.9
389.2
170.2
658.8
90.4
259.4
50.2
307.7
418.2
226.3
12.5
626.9
11.6
417.6
544.7
129.2
451.5
99.6
314.2
285.3
535.7
165.2
204.9
106.2
326.8
232.9
130.1
484.0
628.5
457.5
682.3
525.4
473.9
56.6
380.0
468.0
187.1
295.7
101.4
183.0
614.8
401.5
413.6
323.9
476.3
195.4
617.7
46.5
375.7
271.6
605.1
431.7
168.0
540.8
429.0
116.9
307.3
109.1
16.5
594.1
503.7
681.2
177.2
689.1
593.6
327.4
78.8
205.5
536.3
325.7
613.6
461.0
260.6
238.1
244.6
442.2
504.4
26.4
468.5
299.6
174.7
415.7
658.4
684.2
474.3
358.5
547.0
659.5
607.9
183.6
242.8
265.1
351.1
447.1
511.4
385.1
130.5
586.2
494.1
557.2
436.3
147.4
412.2
291.6
648.5
135.0
468.3
215.1
176.8
449.0
633.2
697.3
629.6
394.2
69.3
358.4
564.1
638.1
232.0
392.2
11.3
81.7
267.9
154.0
126.9
76.9
413.3
679.8
676.7
579.4
683.0
574.0
44.5
236.6
227.5
574.9
637.7
195.3
694.5
396.8
541.5
657.7
668.6
389.1
150.3
418.8
446.6
557.8
443.1
506.7
298.2
351.7
56.8
17.5
206.2
320.0
232.5
415.2
580.4
192.3
350.4
212.6
390.2
64.7
233.8
368.0
121.9
174.9
688.0
571.2
308.8
384.3
58.0
416.9
32.2
324.9
373.9
195.8
229.6
660.2
27.9
594.3
585.4
299.9
646.0
324.3
194.5
451.4
184.7
37.0
579.0
108.3
280.6
197.0
275.5
482.6
108.1
497.2
462.9
200.2
417.7
440.5
662.2
592.8
223.7
368.2
695.6
670.4
186.5
126.4
472.9
522.7
435.9
391.2
243.6
94.5
139.8
377.2
256.9
294.5
1.9
159.2
426.0
130.6
150.1
181.0
125.6
207.3
374.6
446.4
268.0
443.3
496.6
493.7
305.6
30.0
658.9
236.8
524.6
100.9
414.0
240.3
664.3
608.1
121.1
112.5
462.2
689.2
569.7
390.0
452.2
246.6
518.9
263.3
77.2
621.0
150.2
672.2
555.5
59.1
698.4
219.0
317.5
606.7
546.5
210.8
643.4
36.3
78.9
608.7
694.2
185.3
592.3
129.7
506.8
143.4
10.9
379.7
258.9
303.8
487.9
358.1
328.2
490.7
525.5
144.7
475.0
157.1
222.2
688.8
76.5
387.9
214.1
269.8
466.6
428.3
27.1
553.2
334.5
185.7
390.6
526.1
651.2
307.8
205.2
218.8
72.8
470.0
336.2
474.2
98.6
655.8
620.3
447.8
432.8
405.1
151.5
400.5
193.9
123.5
277.8
281.4
53.5
496.1
641.6
106.5
584.8
476.1
67.3
126.8
423.6
149.0
39.7
331.8
209.9
50.7
427.8
291.4
6.4
428.4
98.3
338.0
309.5
195.2
138.7
264.7
673.3
652.1
685.9
458.1
180.1
239.2
630.8
428.6
174.6
211.1
418.9
96.3
605.8
633.3
62.7
72.4
527.4
77.8
511.9
307.5
499.7
643.0
16.3
192.4
686.0
458.4
499.1
497.9
100.7
310.8
71.7
511.7
626.8
68.4
632.8
71.9
340.6
14.8
603.2
565.3
553.3
222.5
353.7
331.7
613.7
71.6
31.8
128.8
695.0
581.5
264.5
334.0
576.2
678.1
529.8
251.3
314.0
479.9
590.8
672.5
191.4
512.2
695.8
420.1
417.0
667.8
630.6
682.6
394.4
1.1
212.0
600.7
538.0
604.2
532.0
18.4
509.6
128.1
496.3
41.4
268.2
113.8
32.5
172.6
605.2
406.5
693.1
424.4
560.6
674.3
287.7
618.1
563.9
337.4
100.3
193.2
97.6
363.5
558.0
252.6
204.0
622.4
132.9
378.6
219.6
122.1
235.7
14.4
33.5
222.8
250.5
508.1
224.6
224.7
671.3
168.8
191.0
310.4
447.2
95.5
45.3
357.1
173.4
403.6
566.0
281.8
207.0
525.3
100.0
491.2
397.7
343.2
193.5
544.8
230.4
434.6
169.4
415.9
390.4
641.1
688.4
2.4
425.2
331.4
116.8
272.7
557.9
569.9
290.3
414.8
222.6
160.3
363.8
513.1
492.3
201.1
437.3
166.5
499.3
425.0
144.8
566.1
496.2
389.9
182.6
635.2
103.5
649.9
124.3
164.4
531.6
688.3
616.4
523.4
574.5
516.3
424.2
67.1
336.9
65.1
672.1
331.1
484.8
323.1
631.4
15.3
404.7
441.7
454.7
29.3
118.9
452.9
499.5
488.9
424.1
161.0
694.1
218.2
451.7
545.9
625.5
266.3
108.8
217.3
236.1
661.4
525.7
402.4
305.4
691.1
38.1
57.4
336.3
205.4
574.1
137.9
121.6
553.4
409.6
135.7
195.7
223.1
242.6
169.6
272.5
139.7
464.0
625.2
345.1
666.5
542.2
21.9
348.7
153.7
520.5
551.0
263.0
172.5
251.2
212.1
470.5
248.1
667.6
668.7
337.9
262.9
217.8
21.2
7.4
99.9
357.2
435.8
584.7
145.1
496.5
237.6
52.2
420.5
663.2
576.8
110.7
72.9
327.1
38.9
567.9
94.0
342.2
284.9
495.0
102.9
664.0
197.7
361.4
655.9
509.9
414.7
508.6
147.2
452.8
200.0
450.1
290.5
670.6
425.5
403.0
446.1
603.9
381.8
458.8
232.7
237.3
209.7
484.6
186.6
462.8
633.4
301.2
521.7
52.1
593.3
389.3
465.9
354.3
47.2
48.1
205.1
698.7
195.1
532.3
522.0
558.9
699.0
46.9
23.5
385.4
492.8
172.3
543.9
196.3
582.9
371.1
650.6
572.6
254.9
347.8
393.4
342.6
64.8
199.1
514.2
244.9
577.7
615.5
139.9
334.1
586.6
599.1
595.7
72.2
468.2
178.1
162.9
671.7
445.1
166.4
687.6
691.9
200.7
257.3
518.1
602.8
328.8
460.5
241.3
526.0
409.4
236.9
521.1
7.0
181.9
116.2
445.6
396.9
586.3
519.0
514.4
597.4
348.0
247.6
478.4
122.3
282.9
473.7
584.2
494.3
401.6
644.7
235.3
491.9
65.6
270.9
183.7
677.6
79.1
78.1
408.8
638.6
529.6
590.9
75.1
433.2
693.4
104.0
283.7
245.0
32.9
271.7
246.4
446.2
422.6
189.6
160.9
315.3
306.0
363.6
248.3
143.2
680.6
408.7
359.5
405.0
509.3
513.2
176.4
429.8
700.2
494.2
17.9
314.5
294.1
111.4
32.0
364.8
455.3
682.8
691.6
469.4
437.6
485.3
29.5
637.9
211.2
53.6
523.9
111.0
317.8
596.4
316.5
678.7
213.7
552.8
13.1
78.4
349.0
481.1
370.8
240.1
371.2
232.8
591.9
551.2
113.4
642.7
369.1
20.1
373.1
235.8
486.7
96.7
231.1
118.6
17.7
321.5
316.4
590.5
310.3
391.8
427.1
565.7
491.8
384.4
41.7
216.0
129.4
624.7
641.9
542.8
491.0
636.7
287.2
221.6
12.1
161.6
286.1
353.1
128.5
24.6
202.2
289.3
65.2
198.2
314.9
614.9
427.3
67.6
697.2
10.0
393.2
686.9
560.9
472.3
164.7
132.8
182.3
213.1
83.6
386.3
131.2
417.4
431.3
311.0
223.3
49.1
647.7
453.9
103.2
57.6
220.6
416.2
267.8
637.6
405.3
107.8
549.5
466.0
464.2
4.9
610.3
134.8
315.4
690.5
369.8
699.5
282.5
535.1
535.2
580.6
38.0
625.9
513.3
120.9
123.3
138.1
666.3
677.0
572.4
28.5
504.9
526.4
561.0
501.5
326.7
143.8
231.9
419.6
250.3
36.0
597.8
683.7
477.8
137.6
105.1
40.5
96.5
103.0
95.1
257.9
117.6
248.0
567.3
21.0
685.1
488.8
343.7
172.7
347.2
600.0
642.0
335.8
47.3
382.8
494.9
444.4
685.4
351.9
325.4
679.7
333.6
154.6
576.1
198.3
563.2
202.8
355.1
378.0
65.0
23.1
680.9
506.5
11.2
220.2
340.2
275.8
94.2
123.1
638.7
98.5
228.0
177.9
518.4
223.9
511.8
437.9
222.4
377.5
324.0
102.4
122.5
425.1
657.9
473.1
112.0
66.4
152.5
79.7
160.6
284.4
44.0
572.8
322.0
185.1
31.9
511.0
3.3
200.3
360.6
112.6
164.9
164.2
24.8
64.9
198.1
651.3
296.6
405.5
158.5
354.9
368.6
175.4
208.6
299.7
443.7
326.6
317.1
334.9
276.3
688.7
632.3
402.7
341.7
323.3
141.0
649.2
134.1
562.7
89.6
421.8
116.3
372.6
304.4
39.5
583.0
228.9
602.7
273.0
690.8
372.4
17.0
593.4
322.9
196.9
491.6
351.3
648.6
198.4
520.8
148.4
231.8
518.7
546.1
542.4
174.1
430.2
219.3
441.8
588.4
172.9
495.8
422.0
439.9
380.7
657.4
301.8
523.1
385.9
445.0
283.5
694.4
217.1
275.2
255.3
231.2
311.2
267.3
396.0
25.3
669.1
551.9
183.9
573.6
620.4
73.9
187.4
202.1
51.7
96.8
397.5
76.2
571.5
435.6
71.1
563.4
647.1
555.6
478.5
305.2
286.9
337.7
181.6
428.5
360.8
158.8
554.0
234.8
166.2
630.3
31.0
66.9
510.2
455.9
346.0
586.0
603.5
547.2
14.7
216.8
104.2
155.6
414.6
611.0
289.1
90.8
208.1
238.4
198.9
623.1
369.4
519.7
545.6
276.2
294.6
397.1
364.0
123.0
668.0
45.1
527.9
349.9
199.4
644.9
378.9
660.0
530.9
16.4
138.9
550.5
152.0
639.1
409.8
243.4
542.7
179.9
81.5
67.8
304.1
127.1
302.3
434.8
120.6
401.1
623.2
429.4
136.8
85.9
154.5
599.6
387.5
465.3
428.1
533.5
209.6
656.5
205.8
479.5
446.8
406.4
498.9
34.9
463.8
388.0
86.9
690.9
339.1
77.1
367.6
168.2
602.1
31.3
693.6
4.8
629.9
395.0
298.5
601.1
208.4
357.6
5.9
528.7
489.8
382.1
122.2
565.2
323.7
85.4
476.4
312.8
647.6
256.3
20.4
181.8
619.9
477.0
360.3
123.8
488.4
345.6
162.4
641.7
547.9
267.0
580.5
410.6
135.6
17.1
662.3
17.6
477.4
150.4
409.3
322.5
26.5
502.8
276.5
568.2
696.4
6.7
35.7
175.1
426.7
567.1
466.8
434.2
45.4
469.5
201.6
544.9
407.9
354.6
295.0
581.7
22.7
48.0
532.6
11.7
554.9
209.8
491.1
554.2
677.9
621.6
503.4
551.3
448.9
634.1
244.0
269.9
256.7
210.9
136.1
5.3
459.8
76.6
167.8
184.8
584.9
630.5
42.1
338.7
227.6
231.6
591.6
455.1
285.4
481.6
659.9
242.3
240.8
254.4
507.0
480.3
628.0
587.1
663.6
227.8
604.1
217.2
451.1
683.9
410.4
273.8
460.8
617.9
121.3
432.3
184.5
28.1
303.0
268.6
693.8
666.7
343.0
53.1
112.4
509.1
85.8
632.1
478.8
440.7
110.2
343.9
463.3
53.9
241.0
225.0
381.1
59.0
674.7
24.3
167.4
602.6
11.5
110.5
517.3
481.4
77.4
653.5
603.0
582.0
279.3
442.8
177.8
338.2
645.2
145.4
460.3
299.1
255.2
658.0
40.8
273.3
53.7
570.6
624.2
123.9
159.7
393.5
461.8
465.2
640.4
150.0
320.5
625.3
285.8
585.8
410.9
343.5
683.5
201.9
128.0
151.0
321.8
395.9
235.6
126.7
555.1
324.4
22.5
262.7
426.1
454.6
183.4
237.1
450.6
573.1
609.6
670.7
498.6
535.0
57.5
125.7
559.0
262.2
607.0
324.2
552.6
189.5
404.2
90.3
442.1
514.5
386.4
564.0
605.5
193.8
304.2
638.2
468.8
351.6
320.8
11.8
493.8
608.3
499.2
345.9
30.8
332.6
592.1
573.7
416.4
505.7
421.3
189.8
28.6
496.9
182.2
249.7
119.4
529.9
451.0
383.0
82.8
633.9
650.2
657.1
445.8
673.0
697.7
130.4
419.0
483.3
472.5
153.4
16.0
337.2
409.2
406.2
76.4
236.0
332.3
464.3
183.2
428.7
336.1
321.6
493.3
358.8
349.2
154.3
636.8
626.1
175.3
505.2
87.2
38.3
91.3
641.4
362.8
562.2
452.5
140.5
59.4
578.8
274.0
656.7
261.8
349.7
568.4
241.5
173.7
665.2
612.2
417.3
530.6
382.3
475.5
322.7
439.6
108.5
341.4
451.8
627.7
682.0
142.3
411.9
113.9
60.6
399.4
152.7
438.5
490.4
344.4
138.6
117.5
359.8
406.3
622.0
127.9
205.6
338.5
654.2
652.6
80.2
348.9
429.1
144.9
21.7
675.9
200.4
665.9
670.5
575.1
65.3
405.8
220.0
41.9
182.1
302.7
249.3
324.7
226.1
237.2
405.6
417.9
582.4
407.3
306.1
504.2
15.1
291.5
442.7
339.8
74.6
208.2
539.9
223.4
230.8
643.1
470.1
106.6
697.6
98.2
600.8
34.2
44.3
602.3
582.6
122.7
579.7
8.5
97.9
565.6
466.3
124.4
389.7
624.1
691.7
60.2
347.6
678.9
347.9
202.7
328.1
156.2
515.1
595.1
504.8
113.7
655.2
559.3
453.7
626.7
653.3
439.8
581.6
44.1
592.2
6.0
537.9
293.0
466.9
399.0
613.8
148.9
480.6
607.5
89.8
60.9
263.1
393.6
247.3
633.8
37.9
323.5
695.9
325.6
469.7
168.4
192.9
72.7
475.7
551.4
73.2
167.2
417.2
119.7
279.8
168.9
19.3
242.7
191.7
604.3
645.5
484.1
320.1
260.5
649.1
43.4
624.5
362.1
114.2
525.0
50.4
571.9
530.2
385.6
92.6
608.2
540.7
160.2
67.5
116.4
149.7
87.5
598.4
663.0
60.0
392.3
540.3
126.6
6.3
52.3
406.1
178.5
480.8
391.9
505.1
607.1
265.5
56.0
472.0
208.5
200.8
65.8
268.4
156.7
541.6
680.8
333.1
108.7
561.4
453.2
412.1
641.8
102.0
414.9
104.5
427.2
591.1
504.3
463.6
133.3
330.9
23.8
8.4
173.0
363.4
59.9
137.7
415.4
461.4
657.8
338.3
241.6
137.3
547.8
312.9
668.2
476.8
495.1
318.4
161.3
257.2
181.5
608.0
339.3
662.8
372.0
581.8
417.8
108.4
623.4
643.8
34.8
608.4
9.8
112.1
590.0
625.8
255.1
519.6
414.2
660.3
692.9
552.1
646.1
386.6
526.2
442.9
307.9
60.5
1.5
457.1
602.5
621.4
560.1
332.9
686.2
52.8
147.7
673.2
440.8
12.3
19.0
453.8
301.7
165.9
206.9
658.3
662.1
203.8
139.6
646.2
118.1
536.8
66.3
644.6
382.0
402.8
267.6
599.2
29.0
389.6
262.5
71.8
44.2
32.3
640.6
296.3
586.5
593.7
50.5
197.5
672.4
335.7
691.4
624.6
581.0
449.2
287.1
639.6
698.8
86.6
145.3
486.4
558.8
631.8
399.7
611.8
173.3
689.0
298.4
546.7
301.0
356.3
16.8
229.5
319.1
62.8
141.8
172.1
420.3
320.9
447.5
439.4
79.3
675.0
557.7
335.5
666.9
41.0
241.9
218.4
163.2
664.2
547.3
310.2
391.5
46.4
344.9
458.0
21.4
355.4
199.6
412.8
131.7
199.9
225.2
39.3
696.5
271.2
604.4
228.5
41.6
132.1
176.0
23.9
529.2
469.3
144.0
299.2
38.7
520.4
479.8
95.0
497.4
33.9
188.4
316.1
254.1
64.2
279.1
410.0
385.0
588.6
648.0
485.5
502.2
134.6
26.3
653.1
267.7
575.0
314.4
218.3
317.4
630.2
329.2
269.0
550.7
173.9
524.9
164.8
490.2
70.5
189.1
417.1
599.4
216.9
113.6
179.4
149.3
274.9
604.0
597.9
184.0
39.8
135.1
107.3
53.2
476.2
412.3
248.4
456.6
54.1
177.4
127.5
483.6
355.5
150.8
82.9
166.1
550.1
501.1
480.7
298.6
530.1
383.3
74.3
692.5
84.0
563.3
7.8
358.2
229.1
309.9
249.1
689.5
90.9
327.6
231.5
540.2
9.7
98.8
578.3
436.2
88.7
510.3
214.7
264.6
57.2
73.8
631.0
673.5
356.4
600.6
266.1
403.5
259.3
291.9
626.6
130.0
312.7
453.4
557.3
700.0
42.5
456.3
659.7
182.0
104.4
81.4
413.4
91.0
115.6
300.9
288.8
417.5
288.2
66.8
192.6
586.8
430.1
364.5
366.6
435.7
81.3
291.0
173.1
582.2
661.3
12.4
454.0
140.9
426.3
98.9
489.2
94.3
605.9
429.3
451.9
28.2
142.8
180.2
504.7
698.9
305.3
645.3
207.1
401.4
260.0
386.1
161.4
538.4
631.7
313.3
429.2
664.9
138.5
292.8
207.7
471.4
504.1
231.3
112.3
611.1
566.2
691.8
666.4
275.3
336.4
679.3
34.1
360.0
527.8
235.4
690.0
605.0
647.3
210.5
282.1
93.9
102.8
660.9
537.3
409.0
68.1
660.7
250.0
221.8
259.8
438.7
283.2
577.4
448.6
622.2
257.0
550.9
365.5
317.6
550.0
646.4
275.1
221.9
668.8
595.5
621.3
309.7
650.5
466.7
615.3
418.5
196.6
362.0
138.4
487.8
663.7
61.8
212.7
125.3
233.6
301.6
318.6
516.8
75.8
249.6
664.8
635.6
414.4
297.0
506.4
290.6
375.1
190.9
638.4
622.8
595.2
580.3
227.9
97.7
547.4
549.9
208.7
598.6
114.8
188.6
154.7
439.3
460.2
583.7
481.5
80.1
55.7
303.5
503.9
41.2
520.1
159.4
692.1
375.8
395.4
684.5
643.7
635.9
618.5
612.1
636.0
199.8
575.5
381.2
94.4
312.3
70.8
130.9
642.2
326.3
537.7
74.4
191.3
562.9
639.7
127.0
464.6
453.6
431.8
20.2
333.8
680.2
58.6
259.1
158.6
76.8
585.1
333.5
666.8
538.5
140.1
79.5
268.5
133.6
412.0
409.5
601.9
191.8
35.1
214.8
90.2
400.0
65.9
593.2
555.4
317.3
318.9
455.7
270.4
191.5
687.1
1.6
63.2
182.9
256.5
153.0
307.4
516.7
259.7
359.7
588.0
533.6
176.6
324.8
35.3
177.0
681.8
454.1
194.9
79.8
237.9
226.0
535.3
97.8
684.9
579.3
510.4
29.2
247.8
260.4
193.4
238.5
345.5
2.3
118.0
544.1
508.5
484.4
5.8
178.7
398.5
213.5
351.0
163.5
196.4
373.4
392.1
20.3
51.4
646.6
669.5
239.0
500.4
600.4
451.3
253.0
377.6
490.8
481.3
281.7
349.3
334.7
353.4
341.1
180.5
460.4
532.5
551.6
313.6
421.6
29.1
656.9
5.0
357.8
293.4
356.6
581.4
510.8
46.6
361.8
200.9
273.7
120.0
99.3
16.2
398.0
438.8
563.0
589.9
267.5
339.7
412.5
678.5
271.0
431.4
173.6
216.6
308.3
77.5
700.1
518.6
667.3
199.7
544.0
366.4
315.1
380.1
531.2
215.2
146.7
393.3
528.3
141.4
555.3
35.0
6.9
274.5
139.1
157.0
282.4
141.3
697.0
633.7
548.4
689.8
55.0
475.4
89.1
29.7
644.0
209.5
146.5
61.7
297.5
539.7
563.6
145.7
520.3
623.0
173.5
660.6
521.0
324.6
88.0
243.9
167.6
379.9
273.5
665.0
523.0
445.5
258.4
489.3
129.8
582.5
150.9
154.1
185.0
109.3
146.8
370.5
142.1
613.5
406.8
24.1
25.8
254.0
119.1
585.9
364.2
511.5
611.7
553.0
446.3
593.1
187.8
569.6
153.6
674.1
661.6
22.9
431.2
14.3
255.0
148.8
420.0
589.7
522.4
660.1
377.9
176.9
637.5
450.2
415.1
393.1
367.8
460.7
329.6
137.5
427.7
471.9
66.1
259.0
205.0
678.4
316.6
512.9
47.6
388.5
594.9
633.1
690.2
570.7
644.4
300.0
286.3
218.5
42.9
244.4
13.9
441.2
521.3
411.2
629.7
616.0
468.7
258.1
342.8
216.5
142.7
373.0
251.5
614.5
401.0
280.8
556.1
233.0
24.4
561.3
556.6
483.7
348.6
209.0
421.9
485.4
432.1
105.8
489.6
651.1
481.9
277.7
242.4
19.9
134.0
519.8
484.3
347.3
354.8
33.4
247.1
558.1
69.1
609.5
502.9
559.8
656.2
483.2
293.9
89.3
465.5
287.8
370.3
570.5
247.5
261.9
677.7
120.4
588.1
246.9
380.4
150.6
400.2
379.3
356.5
552.3
13.6
443.0
93.1
97.4
416.5
169.3
92.7
602.4
284.1
344.1
255.6
288.3
580.8
411.3
201.0
616.1
348.8
313.8
320.3
618.0
480.9
107.9
505.0
574.4
479.2
423.4
246.5
77.0
459.7
395.2
87.1
507.7
357.3
416.1
14.5
30.4
284.3
578.7
570.4
606.1
178.3
617.2
580.9
425.6
145.6
226.6
306.5
564.6
325.1
403.4
300.1
570.9
266.2
510.6
444.8
695.7
107.4
546.4
404.3
187.0
525.8
179.8
623.6
245.8
510.5
281.9
588.2
662.6
475.2
570.0
551.8
496.8
637.3
140.8
528.6
40.7
645.9
549.2
333.9
309.3
610.2
185.6
361.5
349.1
31.1
490.6
305.9
478.1
692.8
370.6
73.1
411.0
115.5
59.3
427.4
260.7
465.0
83.1
92.3
265.9
220.7
400.7
97.0
267.2
545.7
264.1
197.3
7.9
135.8
448.7
303.6
215.5
113.2
558.2
55.9
137.0
649.3
498.0
617.6
60.1
267.1
33.6
700.7
651.8
275.4
658.1
96.9
319.8
498.4
613.0
215.9
133.9
585.3
497.0
200.6
211.4
666.0
506.1
287.9
575.6
60.4
372.2
597.7
261.1
283.3
647.0
359.4
223.2
238.8
167.0
669.6
670.1
245.4
94.6
591.5
489.5
248.9
194.0
255.7
308.4
349.8
433.7
389.5
624.4
365.6
641.0
135.9
84.7
465.4
610.8
78.3
467.5
184.3
595.4
400.8
656.4
388.2
500.9
310.6
49.6
290.4
596.6
243.8
352.3
57.8
517.4
322.6
121.5
308.6
162.2
351.4
474.4
548.8
150.7
27.5
192.2
25.7
567.4
564.4
89.9
589.6
15.8
301.9
253.9
199.0
182.5
82.7
133.7
219.5
490.5
243.1
265.6
193.1
23.4
340.5
40.9
384.8
111.7
572.0
49.8
416.0
621.7
199.5
398.9
350.6
530.4
488.5
562.3
419.7
2.6
671.0
89.7
151.8
212.8
58.1
347.5
611.9
8.2
306.3
224.1
651.4
536.2
356.2
194.1
465.7
342.7
506.3
118.3
570.2
297.9
42.4
512.8
527.7
330.7
88.4
271.1
338.9
482.8
317.0
608.9
70.6
407.7
104.6
36.2
654.1
640.0
16.9
61.6
50.3
524.5
25.1
218.1
548.3
66.0
368.7
155.8
327.2
493.1
50.1
615.6
174.4
203.1
644.8
470.8
558.3
228.3
671.5
655.5
579.9
170.0
155.3
457.6
63.9
221.2
195.0
543.6
6.2
212.5
410.7
262.3
176.1
590.1
242.1
104.9
442.5
274.3
387.0
411.6
531.3
396.3
408.5
597.5
111.3
486.9
23.6
534.4
690.4
1.4
178.9
286.5
37.6
661.1
14.9
353.0
423.2
295.1
600.2
432.7
201.8
388.8
504.5
309.4
335.1
663.5
125.5
96.1
606.2
694.7
595.9
341.0
127.2
598.1
381.4
517.5
690.1
55.1
359.9
447.4
273.4
121.2
470.4
360.9
364.3
658.6
42.3
629.0
304.0
257.1
26.1
461.1
667.9
326.9
303.7
574.2
169.1
223.6
329.8
256.6
288.6
207.6
401.8
549.4
478.0
460.0
278.8
192.1
57.9
365.3
463.5
587.6
506.2
54.2
262.4
112.8
196.2
336.8
39.4
477.9
660.4
251.7
671.1
445.9
589.2
239.7
395.3
526.8
58.7
302.4
482.7
670.9
7.3
533.4
239.9
325.9
63.3
473.8
438.1
365.0
188.3
669.0
43.6
571.0
482.1
698.2
631.9
492.2
699.3
599.0
55.5
386.5
583.8
34.6
660.5
560.0
456.5
254.8
25.0
138.8
115.7
560.2
402.9
567.0
133.5
299.5
374.9
95.3
570.3
624.3
54.6
448.0
594.4
681.7
323.2
383.9
1.2
645.1
213.6
685.0
567.6
654.6
361.6
677.4
519.9
168.7
678.3
456.1
197.6
48.7
599.8
224.2
410.8
606.3
382.5
302.8
132.7
313.4
636.4
622.6
564.9
371.5
448.5
404.6
564.8
399.5
422.2
562.4
246.7
139.5
520.0
33.3
568.9
92.4
51.9
80.7
312.6
380.5
388.4
99.0
171.0
277.5
309.2
394.7
108.6
497.7
527.0
137.2
371.9
448.1
514.1
530.5
665.4
141.7
204.8
502.0
186.8
649.5
683.4
187.3
253.3
693.3
393.7
84.5
529.0
60.8
379.4
406.0
450.5
33.2
217.5
458.5
277.4
695.3
203.9
573.3
258.8
604.5
319.9
306.8
14.0
622.5
269.6
325.0
404.9
206.1
289.7
296.1
502.5
63.1
206.5
55.6
285.5
640.3
411.7
228.2
260.3
385.2
188.7
39.6
81.8
282.0
436.9
614.2
576.9
696.6
276.9
380.6
520.7
609.7
103.8
609.4
2.1
214.4
216.2
114.7
341.5
675.8
532.7
221.1
28.9
492.6
308.9
436.0
19.7
625.0
17.8
288.5
439.5
402.1
9.9
664.6
53.4
566.8
51.2
612.3
669.2
180.4
187.6
661.7
234.3
354.7
493.5
106.1
416.7
302.0
597.6
193.6
476.7
659.1
649.7
444.0
295.3
201.7
148.7
650.9
92.8
155.0
543.0
190.6
614.4
333.3
299.8
287.0
4.0
361.9
502.7
431.0
410.1
46.0
381.6
472.7
700.4
16.6
436.5
227.2
309.0
478.6
529.7
31.5
45.0
356.1
377.0
457.0
460.1
453.3
142.4
663.3
8.9
281.2
86.2
450.4
47.4
116.7
673.1
548.2
24.9
8.1
657.3
399.3
509.7
521.2
682.9
344.8
504.6
101.0
201.3
269.3
325.3
539.4
269.7
62.2
682.5
665.1
666.6
403.8
538.8
54.8
346.4
82.2
399.9
77.3
208.8
667.7
101.6
546.6
430.9
164.3
561.2
18.3
35.4
144.4
271.5
263.8
338.4
393.8
503.2
63.0
61.9
116.1
332.1
509.0
422.5
468.4
38.5
686.8
516.2
390.8
366.7
177.6
581.1
343.3
173.2
565.1
628.4
631.6
279.9
521.5
628.9
394.0
239.6
313.0
514.6
665.7
364.1
422.9
643.6
172.0
513.8
190.5
600.3
664.7
101.2
549.8
534.0
45.8
384.6
263.5
379.5
287.4
485.6
231.0
604.7
326.4
607.6
679.1
596.9
315.6
598.8
494.6
332.2
32.4
493.2
387.1
51.8
32.7
159.5
594.2
129.0
352.7
83.5
162.0
336.6
516.4
383.4
696.2
433.5
429.7
82.0
362.3
107.0
155.5
512.6
351.8
132.0
365.2
519.5
246.8
87.4
408.3
93.8
530.0
266.9
596.3
606.8
290.1
291.7
292.2
674.0
123.4
27.2
266.6
46.3
499.4
507.3
684.6
426.6
652.3
406.6
211.0
559.2
218.6
677.1
545.2
669.9
221.3
430.6
548.6
423.3
585.7
158.1
40.3
687.4
327.7
156.9
126.3
190.2
153.1
185.2
19.2
682.1
291.1
662.5
276.8
487.7
328.3
437.4
425.7
214.0
559.1
87.6
385.8
149.5
82.6
325.8
460.9
577.5
171.2
675.3
21.3
278.3
487.4
456.2
522.1
440.9
82.1
7.1
83.8
324.1
175.2
441.0
227.7
358.3
330.2
385.7
18.7
681.3
572.3
202.6
252.2
205.7
96.0
279.4
456.0
179.6
298.1
42.2
151.1
266.7
159.1
366.2
118.4
627.0
43.3
171.8
561.5
583.2
213.3
193.7
257.8
360.4
365.7
377.8
448.4
307.6
571.1
102.5
20.9
93.5
655.6
301.4
675.7
241.4
300.6
75.2
243.0
471.0
4.5
577.2
244.7
553.8
100.2
48.2
386.9
654.4
139.0
434.9
274.4
693.9
354.5
634.6
187.7
488.6
311.3
84.2
250.6
579.2
396.1
392.7
194.7
289.4
294.9
80.0
455.2
558.6
107.2
515.2
85.5
251.9
537.1
352.4
379.0
102.2
247.9
175.5
333.4
270.7
406.9
488.7
639.2
694.0
571.8
263.6
555.8
623.7
522.5
331.6
616.7
699.1
682.4
444.2
401.9
568.8
508.7
518.2
487.3
306.4
376.8
539.8
84.8
294.2
279.0
22.3
125.0
64.0
285.6
567.5
142.6
270.0
188.8
63.5
614.6
115.4
543.2
234.5
688.1
43.7
590.3
608.8
167.9
414.5
485.9
630.0
48.4
459.1
679.0
283.6
240.6
143.6
68.5
474.1
432.9
529.1
676.3
310.1
643.3
641.2
120.1
319.0
25.9
405.2
499.6
211.7
610.5
190.0
91.1
115.1
223.5
253.1
362.5
333.2
248.5
585.2
665.5
450.8
433.4
423.5
679.9
42.0
584.3
653.6
455.4
305.0
553.7
70.9
649.8
434.3
86.7
237.5
676.1
478.3
118.7
458.7
365.8
337.8
661.0
391.0
102.7
142.2
165.7
222.9
681.6
13.0
258.7
110.0
444.7
54.0
265.3
115.3
497.3
316.7
645.4
486.3
364.6
610.6
637.1
645.8
423.1
696.1
471.6
196.5
72.3
272.4
230.9
426.5
567.8
320.6
477.7
248.2
9.2
512.5
313.1
503.1
321.9
65.7
547.7
407.6
212.3
9.3
515.6
28.4
149.8
56.4
330.6
142.9
240.7
420.2
116.5
269.5
88.6
684.3
8.6
88.9
113.5
598.9
666.2
434.5
90.6
235.5
498.5
278.0
165.3
572.2
616.5
5.4
176.5
565.4
33.7
75.0
636.9
400.6
695.4
687.7
395.7
272.6
415.5
80.3
603.8
467.1
380.2
691.5
532.8
590.7
545.8
637.0
261.4
642.6
300.5
472.2
115.9
594.5
148.3
676.9
386.8
184.1
198.8
353.6
321.1
357.7
583.4
157.8
91.2
133.2
467.6
422.4
202.3
276.7
7.7
245.6
548.9
471.5
467.4
630.1
338.1
241.8
409.7
696.3
73.5
62.6
434.4
544.4
559.9
211.3
423.0
685.6
596.1
58.8
27.0
575.2
651.9
697.4
501.7
396.4
129.3
1.0
424.9
466.2
226.2
140.6
258.6
652.7
584.5
157.7
618.3
259.5
508.8
599.3
262.8
11.9
109.7
86.0
476.0
352.8
488.3
432.0
648.1
694.8
316.2
650.7
352.1
22.4
372.7
657.5
535.9
653.2
208.0
185.4
700.8
335.3
127.4
638.0
10.7
11.4
103.4
226.7
559.4
81.6
91.5
686.3
611.3
586.7
588.3
415.0
508.0
508.9
685.5
30.9
388.7
457.4
674.6
147.0
622.7
340.0
617.0
503.5
304.6
289.0
376.5
650.0
192.7
251.0
364.4
242.5
285.0
355.8
666.1
664.5
69.2
265.0
443.6
339.5
319.4
372.5
285.7
591.3
410.3
91.9
43.1
631.2
30.5
340.7
23.2
274.6
476.9
207.9
564.7
367.7
126.2
203.0
390.7
41.5
519.2
692.4
117.3
422.7
265.7
110.6
154.4
130.7
397.3
22.8
38.6
514.7
494.0
80.6
503.6
89.4
387.2
175.0
197.2
43.9
291.3
678.6
256.1
38.8
516.9
147.9
515.3
152.9
382.9
330.4
275.0
362.7
574.6
505.9
122.4
197.9
92.5
402.5
174.3
454.4
80.5
603.3
188.1
53.0
414.1
527.2
470.2
37.5
283.9
304.8
80.4
387.7
106.0
674.5
375.4
535.8
383.1
179.1
278.7
184.4
387.3
503.3
117.2
67.0
238.6
283.1
85.2
227.3
2.0
640.8
299.3
39.1
428.2
186.4
247.7
188.5
627.8
523.3
608.6
198.5
281.1
355.9
13.3
78.2
403.9
362.9
72.1
659.8
479.7
304.9
98.1
224.3
323.6
594.6
47.8
221.7
480.5
246.1
49.2
97.3
47.9
221.0
146.3
545.1
254.3
140.2
373.5
230.1
534.2
95.2
161.9
59.6
45.5
534.8
225.9
296.7
502.3
565.0
554.3
437.7
287.5
335.0
420.9
541.7
316.3
455.8
273.1
236.7
462.5
124.7
103.7
367.4
549.1
253.4
119.2
566.4
581.9
19.8
62.4
634.7
127.3
128.6
158.7
523.8
651.7
680.0
224.9
540.0
480.1
428.8
400.4
278.9
295.6
613.9
310.7
36.5
161.1
469.2
15.6
420.6
699.4
336.5
322.4
651.6
157.9
141.2
252.8
42.8
217.0
537.2
215.3
139.3
100.8
301.1
552.4
530.7
690.6
572.1
553.5
194.2
177.3
59.2
119.3
389.0
582.1
272.2
238.3
480.0
248.6
549.0
453.0
551.1
540.5
375.9
290.2
605.6
481.0
48.9
190.7
662.9
521.8
328.7
331.5
6.1
433.3
136.7
635.7
492.0
31.7
462.0
128.3
403.1
84.6
688.9
216.3
295.9
376.4
433.9
92.0
16.7
47.0
391.6
202.0
346.6
255.4
144.5
397.0
90.1
326.1
41.3
226.5
477.3
280.1
383.2
483.9
413.9
463.9
596.0
355.6
505.6
656.1
278.2
667.4
14.6
203.7
157.5
700.5
306.2
529.3
285.1
99.7
467.0
538.3
194.3
68.9
54.3
224.5
384.9
482.9
296.2
41.8
669.4
401.7
323.4
74.9
93.3
390.5
685.3
640.9
420.8
327.3
413.7
375.2
61.5
376.1
207.2
679.2
262.0
102.3
619.4
109.8
210.4
105.7
37.1
346.7
471.1
162.3
362.4
577.3
529.5
331.9
472.8
587.3
485.1
655.4
584.4
370.9
308.5
518.5
271.8
302.1
112.7
81.2
319.3
607.4
407.8
377.3
63.8
349.5
671.9
188.2
305.5
427.9
131.9
350.0
437.1
499.0
203.3
337.3
127.6
219.1
12.6
687.5
474.5
229.7
369.3
590.2
215.0
532.9
263.2
209.3
672.6
24.5
157.2
612.8
114.0
73.4
413.2
234.9
693.2
392.4
111.9
298.0
47.5
634.5
73.0
21.8
128.4
525.6
97.1
671.4
408.6
218.7
419.8
279.5
671.2
342.1
253.6
147.6
668.9
36.7
372.3
113.0
588.7
37.4
358.6
452.4
329.1
630.9
445.4
170.9
338.8
636.5
44.8
216.7
62.9
328.4
75.5
217.7
497.5
457.9
497.1
642.3
483.1
306.9
294.8
601.7
246.0
624.0
404.5
627.2
104.1
689.9
45.7
50.6
638.9
593.8
54.9
174.5
57.7
186.2
36.4
130.8
230.2
30.2
430.3
385.3
121.0
680.5
146.6
517.9
45.2
66.7
257.6
452.3
404.1
528.8
49.5
98.4
329.4
234.4
341.9
516.6
79.2
230.3
220.3
363.7
261.5
444.3
586.9
27.8
94.9
659.0
244.1
305.7
421.0
210.6
596.8
249.0
511.3
255.8
560.7
49.7
148.0
189.4
139.2
644.3
447.3
683.3
560.4
175.9
75.7
502.4
503.0
16.1
128.7
367.5
319.5
250.8
280.3
535.6
60.3
9.1
85.0
405.7
2.9
338.6
359.2
490.1
632.4
13.2
480.2
641.5
618.8
533.0
634.2
109.0
344.0
663.1
300.8
157.6
26.7
1.8
122.8
315.2
640.7
95.9
388.3
71.5
190.1
508.2
432.6
624.9
318.2
576.4
481.7
681.9
130.2
306.6
533.7
284.8
459.6
74.5
167.1
393.0
194.8
141.9
612.7
546.0
644.5
369.7
540.9
418.3
146.4
3.4
18.9
574.8
326.2
454.5
636.1
527.6
236.3
15.9
498.8
407.0
408.2
541.4
484.9
95.6
89.2
231.7
213.4
517.2
270.6
311.7
548.0
170.6
471.2
435.5
398.3
185.9
20.6
382.6
610.1
270.1
133.4
69.0
673.6
118.5
541.0
143.7
242.2
459.2
22.6
106.8
169.5
700.9
116.6
352.2
457.8
316.0
623.9
46.1
78.7
481.8
688.6
193.3
165.5
64.4
494.5
438.6
627.4
561.9
149.2
409.1
479.6
125.1
387.8
455.0
494.8
381.3
601.4
634.8
321.3
583.6
65.4
640.1
111.6
580.2
312.1
183.1
347.1
133.8
457.7
156.0
524.4
442.3
277.9
238.2
190.8
475.8
537.4
260.8
440.6
394.6
391.4
587.2
65.5
330.8
444.1
467.7
145.5
122.0
383.8
199.2
400.3
555.7
395.8
146.0
655.0
616.6
650.4
602.0
353.5
263.7
522.6
92.2
55.2
699.6
500.2
224.8
570.1
512.1
553.9
697.1
549.7
649.4
285.9
675.4
524.0
680.3
254.2
534.3
293.3
202.5
321.2
154.9
373.2
427.5
354.4
244.8
369.9
71.4
50.0
519.3
114.5
124.2
380.3
650.8
203.5
599.9
292.3
589.0
584.6
648.7
134.2
122.9
426.2
4.1
312.0
393.9
512.3
416.3
491.4
209.4
91.8
161.5
203.6
327.8
174.2
160.1
342.0
4.4
24.2
677.5
572.5
343.8
674.8
215.7
25.2
273.2
390.9
131.0
160.7
686.7
384.7
449.4
481.2
134.5
120.7
331.2
600.5
179.5
352.0
669.3
77.7
96.4
537.8
272.9
543.5
452.6
334.6
612.0
360.7
293.8
441.9
138.2
151.2
143.9
371.8
428.0
461.2
415.8
22.1
95.7
660.8
458.9
134.3
382.2
7.6
556.8
396.7
20.5
643.2
523.6
616.3
223.8
507.4
25.4
364.7
42.7
51.3
249.9
553.6
598.0
159.8
127.7
271.9
166.6
322.3
140.3
260.1
644.2
167.3
264.4
468.6
311.9
576.0
48.8
628.7
280.2
445.2
145.0
395.1
98.0
266.5
636.6
284.6
18.1
635.0
255.9
40.1
329.7
69.9
230.0
359.0
447.7
410.2
497.8
261.6
195.5
374.1
491.3
83.7
616.8
115.8
89.5
232.6
335.2
303.4
566.9
587.5
245.1
216.4
366.8
156.4
263.4
587.9
343.6
632.2
523.2
565.8
442.4
601.3
698.1
366.3
406.7
377.1
449.3
14.2
237.4
137.8
497.6
589.5
634.4
188.0
191.2
162.8
438.2
281.6
558.7
424.3
687.0
571.4
699.9
463.2
5.5
590.6
21.6
579.5
587.8
342.5
515.8
486.8
232.4
676.0
486.5
661.2
538.2
204.3
552.9
576.5
647.9
446.5
683.1
247.2
492.1
149.6
109.2
398.4
526.9
574.3
670.2
619.2
272.8
114.3
695.5
484.5
178.6
698.5
374.7
316.8
34.3
204.4
601.2
232.2
595.8
165.4
78.0
528.4
694.6
625.6
343.1
676.6
583.1
163.8
240.0
234.7
296.4
534.7
444.6
456.7
378.8
432.2
580.0
64.1
465.1
653.4
150.5
248.8
58.9
396.2
665.8
501.9
425.8
184.6
587.0
211.8
261.0
135.5
37.8
314.6
648.9
654.7
648.3
575.7
596.7
239.1
99.5
549.3
554.1
626.0
350.5
243.3
370.1
125.2
473.0
613.4
484.7
360.2
9.4
319.7
35.6
11.1
302.6
345.2
528.9
274.2
318.3
221.4
4.3
293.7
120.3
134.4
637.8
431.6
431.5
609.2
158.3
95.8
270.5
151.3
171.9
642.5
433.1
430.8
625.1
368.3
49.4
555.9
8.0
307.0
24.7
211.5
359.6
233.2
640.2
561.7
143.5
236.2
398.8
463.0
143.0
688.2
437.2
388.6
51.5
591.0
536.5
491.5
73.7
229.9
562.6
235.2
546.2
361.7
66.6
79.9
399.1
411.4
565.5
293.1
441.6
69.5
647.4
531.8
70.3
513.0
279.6
541.9
443.9
489.1
169.7
137.1
404.8
501.2
283.8
76.3
103.9
265.2
490.9
670.8
268.9
473.2
178.4
56.7
542.3
136.3
525.9
230.7
568.5
56.9
131.6
568.0
626.4
350.1
64.6
148.2
180.0
294.7
496.7
541.3
421.7
215.6
468.1
66.5
579.8
427.0
553.1
360.1
303.9
257.5
444.9
448.3
71.3
652.9
450.7
58.5
145.8
94.7
483.5
554.7
479.1
626.2
674.4
398.6
607.7
594.0
614.1
582.7
370.7
452.0
283.0
591.8
68.8
249.5
147.3
639.3
245.5
562.0
62.1
445.3
437.8
165.1
488.0
339.4
40.0
10.1
28.0
440.4
164.0
365.9
434.7
328.9
602.2
403.3
646.3
389.8
595.0
692.3
394.1
136.5
78.5
449.1
430.7
676.4
588.5
522.8
197.8
217.9
153.3
618.9
557.6
10.4
277.6
169.0
17.3
675.5
390.1
240.4
681.1
487.2
9.0
620.7
456.4
99.2
298.8
51.0
618.6
367.2
520.6
341.6
384.2
632.6
357.5
678.2
655.1
371.0
567.7
227.0
301.5
514.3
251.4
301.3
638.5
29.9
121.8
632.7
471.3
542.5
675.6
379.6
532.1
155.2
499.9
140.0
532.4
474.6
365.1
253.7
620.9
202.4
43.8
674.9
242.0
183.3
563.7
178.8
85.7
513.4
496.0
345.7
94.8
360.5
515.7
689.6
30.7
347.4
201.4
557.5
355.0
57.3
619.0
426.9
340.8
475.3
692.2
431.9
492.5
472.6
156.8
197.1
125.4
415.3
506.6
1.3
136.0
237.8
247.4
325.5
495.3
478.9
583.3
356.9
348.3
455.6
293.2
363.9
18.2
26.0
482.3
314.3
229.3
540.4
597.1
25.5
260.9
75.6
193.0
17.4
6.8
299.4
542.9
374.0
470.3
194.4
226.9
250.9
561.6
96.6
573.2
355.2
473.6
339.9
93.0
319.6
70.0
515.0
296.9
431.1
170.1
439.1
462.1
600.1
166.9
490.3
422.3
58.3
100.5
522.9
432.5
181.7
507.5
536.7
425.3
566.3
568.3
200.5
419.9
628.3
677.2
123.6
37.2
109.4
539.0
378.5
469.8
61.4
436.6
131.1
581.2
100.4
429.6
500.5
74.1
593.9
55.3
3.9
31.4
329.0
419.3
81.1
621.9
2.5
168.3
221.5
530.3
101.3
536.9
628.6
459.5
474.8
186.3
149.9
593.0
107.5
361.1
531.5
77.9
152.3
161.8
129.1
552.7
369.6
469.6
210.0
656.0
43.5
568.6
171.4
10.2
103.3
238.0
191.6
607.3
124.9
412.6
18.0
5.7
22.0
605.3
189.9
181.2
62.0
591.7
43.2
269.2
256.0
30.1
3.1
378.4
125.8
351.2
678.0
5.6
550.3
36.1
206.4
74.8
170.8
691.3
52.9
340.3
370.4
459.0
548.5
158.9
673.4
261.2
108.9
569.3
526.3
256.2
99.1
307.2
542.6
404.0
399.8
368.9
228.8
558.5
159.3
616.2
534.1
615.0
10.3
690.7
255.5
30.6
275.7
627.6
625.4
286.6
590.4
353.3
599.5
629.1
436.7
584.1
512.7
35.2
682.2
198.7
694.9
220.9
652.2
403.7
498.1
554.8
59.5
213.8
670.0
277.1
68.2
610.0
477.2
69.4
332.4
314.8
534.9
119.0
171.1
498.2
181.1
12.7
356.8
196.7
219.9
690.3
373.8
597.0
524.7
170.4
321.7
124.5
573.5
25.6
400.1
177.7
132.3
51.1
311.4
107.6
622.3
245.2
83.4
510.1
611.5
358.7
632.0
339.6
645.6
300.7
34.7
443.2
405.9
440.2
687.3
315.7
681.4
18.5
677.3
438.3
487.6
669.8
300.4
376.6
105.9
392.0
222.1
158.0
571.3
413.1
533.1
110.4
620.1
347.0
620.0
494.7
346.8
577.9
86.3
568.7
212.9
37.7
606.6
618.2
681.0
259.9
515.9
239.4
370.0
49.0
607.8
656.6
513.5
378.2
329.9
21.5
67.4
546.8
458.6
435.4
513.7
411.8
234.0
576.3
292.4
18.6
611.4
28.8
124.0
15.0
578.0
104.7
84.1
230.6
374.3
427.6
450.0
676.8
378.1
617.5
457.3
383.6
646.9
558.4
473.4
357.0
3.6
295.8
329.3
345.8
70.1
656.3
380.9
578.4
84.9
86.5
600.9
279.2
691.0
545.0
175.6
435.0
258.5
113.3
332.0
696.9
340.1
652.8
479.4
267.4
326.0
472.1
468.9
106.4
618.7
450.3
611.2
195.6
117.0
367.9
490.0
344.3
434.0
633.0
370.2
550.8
155.7
635.8
686.6
489.0
348.2
374.5
344.2
79.6
592.5
642.8
191.9
533.9
97.5
215.8
652.4
343.4
655.7
509.2
534.5
413.8
15.2
240.9
200.1
115.2
647.2
605.7
440.3
70.4
49.3
362.2
645.7
145.9
562.8
412.4
352.6
419.2
84.3
485.8
542.1
153.2
337.0
156.1
392.6
577.8
446.0
55.4
355.3
336.7
212.2
464.1
563.8
647.8
311.8
463.1
520.2
278.1
64.3
6.5
32.8
363.0
300.3
203.2
475.9
547.5
575.3
107.7
123.2
657.6
106.9
155.4
172.4
477.6
38.2
684.8
235.0
455.5
208.9
452.7
505.3
350.2
397.2
310.0
45.9
272.3
509.8
475.6
421.2
620.8
92.9
68.0
459.9
20.0
189.0
289.6
50.9
62.5
275.9
48.5
82.5
449.9
8.8
119.9
227.4
31.2
249.8
266.4
622.1
476.6
512.0
533.3
673.7
449.5
619.6
189.7
354.2
438.0
383.5
418.1
429.9
373.6
169.8
657.2
251.6
612.9
187.9
297.3
349.4
536.1
579.6
93.7
171.6
668.5
670.3
402.3
678.8
317.2
61.2
110.9
639.4
315.9
628.1
295.4
198.0
525.1
482.0
332.7
373.7
470.7
372.1
69.8
204.6
264.8
8.3
288.7
132.6
226.4
680.4
73.3
640.5
535.4
3.0
207.5
81.9
585.6
679.5
111.8
643.9
544.2
529.4
133.1
143.1
296.0
419.1
244.2
382.7
24.0
6.6
353.9
11.0
206.8
341.8
233.5
528.5
233.3
629.4
164.6
15.5
318.7
154.8
75.9
356.0
386.0
500.7
303.3
506.9
161.2
313.7
601.5
218.0
486.6
464.4
433.8
185.8
603.6
337.5
3.2
454.8
517.1
485.7
423.9
547.6
147.8
556.4
517.7
106.3
648.4
23.7
207.4
27.3
68.6
499.8
353.8
445.7
95.4
507.1
131.5
357.9
165.0
489.9
668.1
204.5
87.8
146.1
441.5
92.1
151.4
196.0
342.3
537.6
351.5
604.6
527.5
295.5
578.5
190.3
635.1
545.5
290.7
160.5
697.8
457.2
261.3
172.2
356.7
276.4
251.1
73.6
4.7
539.5
371.4
675.2
287.3
631.5
197.4
318.8
266.8
38.4
438.4
649.6
603.1
85.6
653.8
614.3
34.0
238.7
243.7
539.2
511.1
384.0
119.8
46.8
500.1
10.8
449.6
492.4
658.2
465.6
68.7
505.4
186.0
152.4
623.8
482.4
573.0
448.2
687.2
556.3
696.7
282.6
180.3
249.4
289.2
49.9
151.7
612.6
17.2
528.1
82.4
422.1
45.6
278.6
520.9
83.2
240.2
398.1
623.3
654.0
131.3
220.4
153.5
382.4
1.7
368.8
531.4
667.5
559.7
430.4
177.1
119.5
121.7
436.4
626.3
332.8
674.2
153.8
239.3
288.9
129.5
120.8
637.2
386.2
39.9
556.0
306.7
219.8
81.0
487.0
513.9
175.8
696.0
390.3
100.1
461.7
330.1
348.4
178.0
180.7
120.5
394.3
96.2
344.6
293.6
637.4
420.4
268.7
429.5
142.5
682.7
20.7
511.2
182.4
289.9
244.3
672.8
328.6
562.5
151.6
620.5
554.6
281.5
386.7
423.7
201.2
374.2
12.0
631.1
538.6
321.4
668.4
121.4
144.6
517.6
234.1
253.2
391.1
76.1
52.7
521.6
56.3
335.9
47.7
443.5
188.9
586.1
3.7
61.1
161.7
536.0
233.7
350.8
543.4
238.9
184.2
415.6
328.0
163.6
383.7
329.5
56.1
700.6
493.6
337.6
317.9
282.3
3.5
155.9
461.5
248.7
506.0
624.8
505.5
501.0
258.2
39.2
217.4
154.2
398.2
509.5
650.3
578.9
615.1
158.4
408.9
46.2
9.6
12.8
82.3
114.6
176.7
206.3
330.0
416.6
245.9
62.3
310.5
35.8
104.3
349.6
560.5
524.1
662.7
270.8
166.8
72.5
543.3
372.8
331.0
683.8
259.2
594.8
402.0
563.1
211.9
325.2
83.9
284.2
217.6
375.3
693.7
577.1
297.2
409.9
544.5
561.8
536.4
486.2
604.9
649.0
216.1
610.7
569.5
586.4
5.1
418.6
52.5
510.9
163.9
441.3
292.9
653.9
171.7
341.2
378.7
580.1
453.1
646.5
648.2
252.9
28.3
116.0
676.5
262.1
440.1
42.6
206.6
56.2
54.5
108.0
13.7
286.8
544.6
521.4
496.4
477.5
488.1
521.9
358.0
627.9
293.5
555.0
210.1
269.4
526.6
686.5
270.2
569.0
552.5
425.9
653.0
421.4
251.8
10.5
79.4
55.8
292.7
673.9
225.3
198.6
538.1
177.5
377.4
516.1
213.2
63.6
51.6
621.1
611.6
340.9
302.2
320.2
646.8
505.8
181.3
642.4
507.8
478.2
275.6
467.9
174.0
549.6
361.0
241.2
679.4
33.1
250.4
550.2
105.0
608.5
348.5
672.0
551.5
196.8
276.1
500.0
103.1
34.4
215.4
183.5
528.2
36.8
646.7
169.2
557.0
693.5
562.1
152.6
171.3
292.6
507.2
288.0
435.1
374.8
264.0
168.5
642.9
664.1
546.3
224.0
254.7
401.2
243.5
615.2
214.9
7.5
629.8
404.4
308.7
237.7
616.9
685.7
284.7
187.5
90.5
268.3
422.8
159.0
641.3
296.5
546.9
335.6
149.1
32.1
202.9
471.8
240.5
266.0
226.8
352.9
74.7
157.4
334.2
212.4
527.3
225.4
59.8
90.7
466.5
163.0
543.8
609.3
222.7
294.3
2.2
556.5
592.6
564.5
298.9
367.0
574.7
296.8
398.7
93.2
394.9
541.8
322.1
213.9
538.9
258.0
438.9
76.7
589.1
495.9
184.9
391.7
437.0
334.8
489.7
684.1
232.3
392.8
439.7
508.3
685.2
115.0
475.1
355.7
363.2
274.7
564.3
164.1
252.5
606.5
117.9
131.8
464.8
632.5
220.8
582.8
139.4
619.7
418.4
178.2
441.4
229.4
607.2
463.7
595.3
58.4
84.4
631.3
483.4
698.0
147.5
44.4
621.2
628.2
559.6
138.3
2.7
220.1
450.9
561.1
439.2
402.6
89.0
573.8
228.4
112.2
44.9
594.7
72.6
268.1
371.3
170.3
510.7
374.4
135.4
114.1
256.4
316.9
403.2
587.4
651.5
619.3
527.1
531.7
298.3
165.6
462.4
424.8
420.7
548.7
357.4
171.5
350.3
466.1
39.0
452.1
225.1
495.4
599.7
303.2
257.4
663.8
456.8
418.0
305.8
314.7
620.2
591.2
163.1
29.8
27.6
2.8
141.5
531.9
515.5
613.3
311.1
67.7
614.7
435.3
638.3
350.7
573.9
388.1
91.4
501.8
102.6
43.0
613.1
168.6
105.2
493.0
18.8
314.1
627.1
235.1
286.7
277.2
307.1
366.1
366.5
603.4
52.0
346.1
152.1
256.8
327.0
124.8
524.2
539.3
105.4
232.1
311.6
207.8
54.4
518.8
127.8
467.2
263.9
362.6
441.1
494.4
320.7
363.1
588.9
589.4
526.5
405.4
566.7
418.7
286.4
466.4
414.3
376.3
339.0
164.5
23.0
635.5
279.7
377.7
41.1
235.9
273.6
88.1
327.5
326.5
676.2
21.1
183.8
397.4
205.3
335.4
22.2
687.9
443.4
617.4
277.3
282.7
572.7
225.7
292.1
332.5
430.0
241.7
182.8
371.7
278.5
159.6
472.4
138.0
425.4
284.5
514.8
392.5
244.5
253.8
331.3
699.2
533.2
369.0
509.4
144.3
250.1
327.9
659.4
93.4
478.7
461.6
93.6
282.2
344.7
428.9
7.2
113.1
40.4
169.9
205.9
208.3
697.5
180.8
292.5
304.7
206.0
33.8
30.3
484.2
120.2
54.7
653.7
650.1
4.2
412.7
444.5
87.0
672.9
214.2
225.8
53.3
391.3
592.9
627.5
322.2
85.3
33.0
516.0
315.8
312.5
88.8
152.2
547.1
47.1
421.1
8.7
492.9
589.8
508.4
136.9
318.0
407.4
271.3
134.9
592.7
399.2
179.2
532.2
118.8
454.3
236.5
387.6
601.0
436.1
268.8
392.9
233.4
672.7
576.7
229.8
153.9
190.4
71.2
569.4
597.2
459.3
148.1
692.7
280.0
63.7
589.3
345.4
126.1
502.6
526.7
667.0
64.5
149.4
540.1
189.2
168.1
634.3
582.3
538.7
381.5
609.1
376.9
312.2
695.2
79.0
446.9
274.1
537.5
605.4
48.6
606.4
320.4
245.3
20.8
592.0
333.0
493.9
117.8
253.5
233.9
545.3
61.0
126.0
179.0
359.3
524.3
105.3
186.9
541.2
447.9
146.9
560.3
435.2
133.0
380.8
10.6
578.1
580.7
280.5
318.1
272.1
260.2
421.5
469.1
588.8
346.5
695.1
652.0
105.5
426.4
424.5
461.3
644.1
167.5
495.6
76.0
136.4
75.3
618.4
74.0
385.5
378.3
426.8
424.0
294.0
657.0
308.2
13.4
19.4
274.8
257.7
350.9
160.0
322.8
396.6
459.4
166.7
346.2
40.2
122.6
397.9
507.6
449.7
636.3
130.3
44.7
52.4
187.2
684.0
585.5
246.2
26.9
211.6
269.1
249.2
107.1
551.7
469.0
141.6
656.8
498.7
540.6
367.3
533.8
543.1
477.1
601.6
436.8
680.1
72.0
413.0
219.4
339.2
577.6
57.0
569.8
305.1
366.0
258.3
572.9
470.9
419.4
604.8
573.4
132.2
667.2
467.3
204.7
413.5
619.8
219.7
673.8
15.7
462.3
652.5
606.9
617.3
250.2
514.0
85.1
182.7
276.0
395.6
376.2
156.3
300.2
501.6
280.7
337.1
625.7
180.6
671.8
91.6
619.5
654.5
643.5
185.5
5.2
679.6
596.5
534.6
254.6
488.2
440.0
694.3
634.0
141.1
86.4
342.9
387.4
101.5
354.0
491.7
27.4
479.0
156.6
186.7
78.6
639.9
464.7
523.5
68.3
598.5
303.1
361.3
399.6
151.9
180.9
680.7
101.1
437.5
556.2
313.5
86.8
629.3
576.6
407.5
167.7
290.9
297.4
259.6
280.4
684.4
550.6
101.8
630.7
86.1
598.3
519.4
368.1
654.9
517.8
434.1
639.5
451.6
365.4
135.3
554.5
109.6
622.9
67.9
309.1
241.1
683.6
498.3
699.7
474.7
577.0
623.5
222.0
172.8
29.4
245.7
610.9
289.5
408.1
483.8
99.8
524.8
504.0
88.2
218.9
654.3
659.3
277.0
376.0
552.0
617.8
136.6
176.2
684.7
587.7
156.5
692.6
192.8
389.4
400.9
87.7
686.1
476.5
569.1
638.8
111.2
152.8
396.5
651.0
181.4
601.8
94.1
583.5
578.2
19.6
289.8
287.6
495.7
196.1
384.5
454.9
204.2
500.8
467.8
46.7
158.2
598.2
34.5
552.2
173.8
557.1
276.6
229.2
100.6
291.8
102.1
591.4
346.9
70.7
348.1
225.6
583.9
575.8
515.4
568.1
493.4
310.9
500.3
99.4
663.9
658.7
536.6
214.3
489.4
4.6
632.9
654.8
295.2
129.6
575.4
40.6
101.9
639.0
688.5
661.5
77.6
83.0
19.5
548.1
80.9
117.4
112.9
375.5
479.3
629.5
615.4
379.1
330.3
367.1
510.0
473.3
252.0
75.4
407.2
345.0
229.0
687.8
298.7
535.5
596.2
454.2
698.3
463.4
560.8
264.9
264.2
123.7
330.5
655.3
98.7
163.7
309.8
286.0
513.6
109.9
628.8
394.5
37.3
696.8
692.0
518.0
665.6
410.5
621.5
132.5
61.3
246.3
128.9
323.0
118.2
642.1
344.5
663.4
234.6
165.8
402.2
531.1
407.1
214.6
539.1
222.3
203.4
482.2
411.1
315.0
626.5
480.4
228.1
634.9
13.5
176.3
19.1
373.3
675.1
163.4
614.0
442.6
135.2
88.3
70.2
689.3
237.0
672.3
9.5
87.9
230.5
315.5
265.8
485.0
408.4
411.5
239.8
627.3
346.3
14.1
665.3
443.8
31.6
352.5
559.5
598.7
69.7
550.4
570.8
615.8
564.2
469.9
543.7
163.3
613.2
334.3
388.9
371.6
465.8
103.6
265.4
460.6
312.4
66.2
693.0
567.2
340.4
162.7
575.9
59.7
606.0
635.3
294.4
278.4
458.2
544.3
147.1
117.7
60.7
563.5
442.0
691.2
361.2
629.2
252.7
144.1
424.6
381.9
32.6
619.1
297.6
36.6
375.0
364.9
224.4
584.0
214.5
162.1
108.2
281.0
146.2
555.2
74.2
345.3
83.3
210.3
291.2
132.4
523.7
282.8
162.6
192.0
262.6
645.0
124.1
313.9
71.0
397.6
609.0
254.5
379.8
554.4
233.1
50.8
500.6
566.5
447.0
375.6
557.4
264.3
131.4
495.2
288.4
379.2
456.9
531.0
111.1
471.7
662.4
48.3
503.8
110.8
512.4
595.6
101.7
556.9
125.9
252.4
189.3
143.3
328.5
157.3
111.5
462.6
416.8
191.1
28.7
661.8
376.7
148.6
395.5
485.2
571.6
67.2
451.2
530.8
659.2
342.4
381.7
358.9
612.4
321.0
57.1
52.6
162.5
194.6
304.3
363.3
271.4
700.3
384.1
662.0
297.7
507.9
453.5
658.5
242.9
280.9
199.3
308.0
464.9
219.2
597.3
234.2
633.6
220.5
447.6
155.1
252.1
179.3
136.2
412.9
636.2
446.7
581.3
610.4
110.3
311.5
639.8
160.8
26.8
166.0
689.4
106.7
142.0
569.2
109.5
281.3
179.7
525.2
621.8
433.6
486.1
487.1
681.5
323.8
3.8
369.2
87.3
635.4
192.5
372.9
667.1
539.6
430.5
319.2
592.4
227.1
699.8
170.7
35.9
522.3
397.8
424.7
27.7
464.5
302.5
333.7
290.0
495.5
195.9
482.5
501.4
501.3
609.9
159.9
448.8
677.8
518.3
664.4
186.1
474.0
23.3
273.9
80.8
609.8
90.0
126.5
104.8
140.7
603.7
473.5
647.5
458.3
514.9
119.6
236.4
114.9
228.7
110.1
565.9
129.9
630.4
206.7
585.0
545.4
486.0
528.0
283.4
341.3
12.2
124.6
225.5
304.5
128.2
286.2
144.2
461.9
537.0
166.3
97.2
620.6
462.7
15.4
419.5
578.6
617.1
541.1
290.8
401.3
571.7
204.1